0b68 0100 0000 0102 9000 0000 0010 0c00 
0003 7001 0001 0100 0000 150c 0000 0290 
0000 0000 1001 004a cdc7 0370 0200 0003 
7002 0000 0370 0200 0003 7002 0000 0370 
0200 0003 7002 0000 0370 0200 0003 7002 
0000 0370 0200 0003 7002 0000 0370 0200 
0003 7002 0000 0370 0200 0003 7002 0000 
0370 0200 0003 7002 0000 0370 0200 0003 
7002 0000 0900 0002 9000 0000 0002 0100 
0000 1503 7002 0002 0370 0200 0203 7002 
0002 0370 0200 0203 7002 0002 0370 0200 
0203 7002 0002 0370 0200 0203 7002 0002 
0370 0200 0203 7002 0002 0370 0200 0203 
7002 0002 0900 0003 7001 0001 0100 0000 
2a0c 0000 0000 0000 0000 0000 0000 0000 
0000 0000 0000 0000 0000 0000 0000 0000 
0000 0000 0000 0000 0000 0000 0000 0000 
0000 0000 0000 0000 0000 0000 0000 0000 
0000 0000 0000 0000 0000 0000 0000 0000 
0000 0000 0000 0000 0000 0000 0000 0000 
0000 0000 0000 0000 0000 0000 0000 0000 
0000 0000 0000 0000 0000 0000 0000 0000 
0000 0000 0000 0000 0000 0000 0000 0000 
0000 0000 0000 0000 0000 0000 0000 0000 
0000 0000 0000 0000 0000 0000 0000 0000 
0000 0000 0000 0000 0000 0000 0000 0000 
0000 0000 0000 0000 0000 0000 0000 0000 
0000 0000 0000 0000 0000 0000 0000 0000 
0000 0000 0000 0000 0000 0000 0000 0000 
0000 0000 0000 0000 0000 0000 0000 0000 
0000 0000 0000 0000 0000 0000 0000 0000 
0000 0000 0000 0000 0000 0000 0000 0000 
0000 0000 0000 0000 0000 0000 0000 0000 
0000 0000 0000 0000 0000 0000 0000 0000 
0000 0000 0000 0000 0000 0000 0000 0000 
0000 0000 0000 0000 0000 0000 0000 0000 
0000 0000 0000 0000 0000 0000 0000 0000 
0000 0000 0000 0000 0000 0000 0000 0000 
0000 0000 0000 0000 0000 0000 0000 0000 
0000 0000 0000 0000 0000 0000 0000 0000 
0000 0000 0000 0000 0000 0000 0000 0000 
0000 0000 0000 0000 0000 0000 0000 0000 
0000 0000 0000 0000 0000